topic_name: cam_basic
pose: 0 0 0 0 0 0
horizontal_fov: 1.0525986075378748
img_width: 6000
img_height: 4000
clip_near: 0.1
clip_far: 10
lens_type: stereographic
cutoff_angle: 1.5707963267948966
framerate: 24
